3.1
3.10684210526316
3.11368421052632
3.12052631578947
3.12736842105263
3.13421052631579
3.14105263157895
3.14789473684211
3.15473684210526
3.16157894736842
3.16842105263158
3.17526315789474
3.18210526315789
3.18894736842105
3.19578947368421
3.20263157894737
3.20947368421053
3.21631578947368
3.22315789473684
3.23
4.1
4.10689655172414
4.11379310344828
4.12068965517241
4.12758620689655
4.13448275862069
4.14137931034483
4.14827586206897
4.1551724137931
4.16206896551724
4.16896551724138
4.17586206896552
4.18275862068965
4.18965517241379
4.19655172413793
4.20344827586207
4.21034482758621
4.21724137931034
4.22413793103448
4.23103448275862
4.23793103448276
4.2448275862069
4.25172413793103
4.25862068965517
4.26551724137931
4.27241379310345
4.27931034482759
4.28620689655172
4.29310344827586
4.3
