3.1
3.11313131313131
3.12626262626263
3.13939393939394
3.15252525252525
3.16565656565657
3.17878787878788
3.19191919191919
3.20505050505051
3.21818181818182
3.23131313131313
3.24444444444444
3.25757575757576
3.27070707070707
3.28383838383838
3.2969696969697
3.31010101010101
3.32323232323232
3.33636363636364
3.34949494949495
3.36262626262626
3.37575757575758
3.38888888888889
3.4020202020202
3.41515151515152
3.42828282828283
3.44141414141414
3.45454545454545
3.46767676767677
3.48080808080808
3.49393939393939
3.50707070707071
3.52020202020202
3.53333333333333
3.54646464646465
3.55959595959596
3.57272727272727
3.58585858585859
3.5989898989899
3.61212121212121
3.62525252525253
3.63838383838384
3.65151515151515
3.66464646464646
3.67777777777778
3.69090909090909
3.7040404040404
3.71717171717172
3.73030303030303
3.74343434343434
3.75656565656566
3.76969696969697
3.78282828282828
3.7959595959596
3.80909090909091
3.82222222222222
3.83535353535354
3.84848484848485
3.86161616161616
3.87474747474748
3.88787878787879
3.9010101010101
3.91414141414141
3.92727272727273
3.94040404040404
3.95353535353535
3.96666666666667
3.97979797979798
3.99292929292929
4.00606060606061
4.01919191919192
4.03232323232323
4.04545454545455
4.05858585858586
4.07171717171717
4.08484848484848
4.0979797979798
4.11111111111111
4.12424242424242
4.13737373737374
4.15050505050505
4.16363636363636
4.17676767676768
4.18989898989899
4.2030303030303
4.21616161616162
4.22929292929293
4.24242424242424
4.25555555555556
4.26868686868687
4.28181818181818
4.2949494949495
4.30808080808081
4.32121212121212
4.33434343434343
4.34747474747475
4.36060606060606
4.37373737373737
4.38686868686869
4.4
