0.00602559586074358
0.00638113538910063
0.00675765348275575
0.00715638797932434
0.00757864975487513
0.00802582703355493
0.00849938995150232
0.0090008953900544
0.00953199209413642
0.0100944260926612
0.0106900464387587
0.0113208112887071
0.01198879433955
0.0126961916465654
0.0134453288429976
0.0142386687857887
0.0150788196524463
0.0159685435156644
0.0169107654238904
0.0179085830176884
0.0189652767135159
0.0200843204883921
0.0212693933009145
0.0225243911861717
0.0238534400643142
0.0252609093048937
0.0267514260915644
0.0283298906343723
0.0300014922796423
0.0317717265704292
0.0336464133136165
0.0356317157130631
0.0377341606316992
0.0399606600491838
0.0423185337856694
0.0448155335663786
0.0474598685061091
0.0502602320974482
0.0532258307914233
0.0563664142645505
0.0596923074717866
0.0632144445907609
0.0669444049688834
0.070894451191506
0.0750775693962921
0.0795075119663299
0.0841988427423477
0.0891669849026701
0.0944282716683251
0.1
