0.002
0.00236734693877551
0.00273469387755102
0.00310204081632653
0.00346938775510204
0.00383673469387755
0.00420408163265306
0.00457142857142857
0.00493877551020408
0.00530612244897959
0.0056734693877551
0.00604081632653061
0.00640816326530612
0.00677551020408163
0.00714285714285714
0.00751020408163265
0.00787755102040816
0.00824489795918367
0.00861224489795918
0.00897959183673469
0.0093469387755102
0.00971428571428572
0.0100816326530612
0.0104489795918367
0.0108163265306122
0.0111836734693878
0.0115510204081633
0.0119183673469388
0.0122857142857143
0.0126530612244898
0.0130204081632653
0.0133877551020408
0.0137551020408163
0.0141224489795918
0.0144897959183673
0.0148571428571429
0.0152244897959184
0.0155918367346939
0.0159591836734694
0.0163265306122449
0.0166938775510204
0.0170612244897959
0.0174285714285714
0.0177959183673469
0.0181632653061225
0.018530612244898
0.0188979591836735
0.019265306122449
0.0196326530612245
0.02
