0.002
0.00324050632911392
0.00448101265822785
0.00572151898734177
0.0069620253164557
0.00820253164556962
0.00944303797468355
0.0106835443037975
0.0119240506329114
0.0131645569620253
0.0144050632911392
0.0156455696202532
0.0168860759493671
0.018126582278481
0.0193670886075949
0.0206075949367089
0.0218481012658228
0.0230886075949367
0.0243291139240506
0.0255696202531646
0.0268101265822785
0.0280506329113924
0.0292911392405063
0.0305316455696202
0.0317721518987342
0.0330126582278481
0.034253164556962
0.0354936708860759
0.0367341772151899
0.0379746835443038
0.0392151898734177
0.0404556962025317
0.0416962025316456
0.0429367088607595
0.0441772151898734
0.0454177215189873
0.0466582278481013
0.0478987341772152
0.0491392405063291
0.050379746835443
0.051620253164557
0.0528607594936709
0.0541012658227848
0.0553417721518987
0.0565822784810127
0.0578227848101266
0.0590632911392405
0.0603037974683544
0.0615443037974684
0.0627848101265823
0.0640253164556962
0.0652658227848101
0.0665063291139241
0.067746835443038
0.0689873417721519
0.0702278481012658
0.0714683544303798
0.0727088607594937
0.0739493670886076
0.0751898734177215
0.0764303797468354
0.0776708860759494
0.0789113924050633
0.0801518987341772
0.0813924050632911
0.0826329113924051
0.083873417721519
0.0851139240506329
0.0863544303797468
0.0875949367088608
0.0888354430379747
0.0900759493670886
0.0913164556962025
0.0925569620253164
0.0937974683544304
0.0950379746835443
0.0962784810126582
0.0975189873417722
0.0987594936708861
0.1
