0.001
0.00117210229753348
0.00137382379588326
0.00161026202756094
0.0018873918221351
0.00221221629107045
0.00259294379740467
0.0030391953823132
0.00356224789026244
0.0041753189365604
0.00489390091847749
0.00573615251044868
0.00672335753649933
0.00788046281566991
0.00923670857187387
0.0108263673387405
0.0126896100316792
0.0148735210729351
0.0174332882219999
0.0204335971785694
0.0239502661998749
0.0280721620394118
0.0329034456231267
0.0385662042116347
0.0452035365636024
0.0529831690628371
0.0621016941891562
0.0727895384398315
0.0853167852417281
0.1
