0.001
0.00109854114198756
0.00120679264063933
0.00132571136559011
0.00145634847750124
0.00159985871960606
0.00175751062485479
0.00193069772888325
0.00212095088792019
0.00232995181051537
0.00255954792269954
0.00281176869797423
0.00308884359647748
0.00339322177189533
0.00372759372031494
0.00409491506238043
0.00449843266896944
0.00494171336132383
0.00542867543932386
0.00596362331659464
0.00655128556859551
0.00719685673001152
0.0079060432109077
0.00868511373751353
0.00954095476349994
0.0104811313415469
0.0115139539932645
0.012648552168553
0.0138949549437314
0.0152641796717523
0.0167683293681101
0.0184206996932672
0.0202358964772516
0.0222299648252619
0.0244205309454865
0.0268269579527973
0.0294705170255181
0.0323745754281764
0.0355648030622313
0.0390693993705462
0.0429193426012878
0.0471486636345739
0.0517947467923121
0.056898660290183
0.0625055192527397
0.06866488450043
0.0754312006335462
0.0828642772854684
0.0910298177991522
0.1
