1.1
1.10913767146513
1.1191103133283
1.12999422244132
1.14187266741166
1.15483652565855
1.16898497868125
1.18442627085855
1.20127853758499
1.21967070907932
1.23974349678011
1.26165046987488
1.28555923019901
1.31165269449294
1.34013049382793
1.37121050090664
1.40513049692354
1.44214999073745
1.48255220427413
1.52664623934843
1.57476944248354
1.62728998581962
1.68460968385747
1.74716706758681
1.81544073951852
1.88995303528852
1.97127401984712
2.06002584880688
2.15688752831628
2.26260010987486
2.37797235983356
2.50388694695541
2.64130719537513
2.791284454622
2.95496614309126
3.13360452650141
3.3285662984982
3.54134303670264
3.77356261419841
4.02700165376346
4.30359912012834
4.6054711542505
4.93492726309585
5.29448798878927
5.68690419231419
6.11517809929314
6.58258626886269
7.09270466136868
7.64943599666505
8.25703961232421
8.92016405019255
9.64388262059827
10.4337322162998
11.2957556731251
12.2365480013875
13.2633068417756
14.3838875317376
15.6068632036499
16.94159037456
18.3982805293036
19.9880782446526
21.7231464521903
23.6167594922286
25.6834046706865
27.9388930959017
30.4004806433471
33.0869999737045
36.0190046143171
39.2189262063312
42.7112461205652
46.5226827550731
50.6823959473439
55.2222100650159
60.1768574818882
65.5842443019698
71.485740364519
77.9264957487914
84.9557861999511
92.6273901188673
101
