20
21.6326530612245
23.265306122449
24.8979591836735
26.530612244898
28.1632653061224
29.7959183673469
31.4285714285714
33.0612244897959
34.6938775510204
36.3265306122449
37.9591836734694
39.5918367346939
41.2244897959184
42.8571428571429
44.4897959183673
46.1224489795918
47.7551020408163
49.3877551020408
51.0204081632653
52.6530612244898
54.2857142857143
55.9183673469388
57.5510204081633
59.1836734693878
60.8163265306122
62.4489795918367
64.0816326530612
65.7142857142857
67.3469387755102
68.9795918367347
70.6122448979592
72.2448979591837
73.8775510204082
75.5102040816327
77.1428571428571
78.7755102040816
80.4081632653061
82.0408163265306
83.6734693877551
85.3061224489796
86.9387755102041
88.5714285714286
90.2040816326531
91.8367346938775
93.469387755102
95.1020408163265
96.734693877551
98.3673469387755
100
